Seq# Frame#
   1,   000 
   1,   005 
   1,   010 
   1,   015 
   1,   020 
   1,   025 
   1,   030 
   1,   035 
   1,   040 
   1,   045 
   1,   050 
   1,   055 
   1,   060 
   1,   065 
   1,   070 
   1,   075 
   1,   080 
   1,   085 
   1,   090 
   1,   095 
   1,   100 
   1,   105 
   1,   110 
   1,   115 
   1,   120 
   1,   125 
   1,   130 
   1,   135 
   1,   140 
   1,   145 
   2,   000 
   2,   005 
   2,   010 
   2,   015 
   2,   020 
   2,   025 
   2,   030 
   2,   035 
   2,   040 
   2,   045 
   2,   050 
   2,   055 
   2,   060 
   2,   065 
   2,   070 
   2,   075 
   2,   080 
   2,   085 
   2,   090 
   2,   095 
   2,   100 
   2,   105 
   2,   110 
   2,   115 
   2,   120 
   2,   125 
   2,   130 
   2,   135 
   2,   140 
   2,   145 
   3,   000 
   3,   005 
   3,   010 
   3,   015 
   3,   020 
   3,   025 
   3,   030 
   3,   035 
   3,   040 
   3,   045 
   3,   050 
   3,   055 
   3,   060 
   3,   065 
   3,   070 
   3,   075 
   3,   080 
   3,   085 
   3,   090 
   3,   095 
   3,   100 
   3,   105 
   3,   110 
   3,   115 
   3,   120 
   3,   125 
   3,   130 
   3,   135 
   3,   140 
   3,   145 
   4,   000 
   4,   005 
   4,   010 
   4,   015 
   4,   020 
   4,   025 
   4,   030 
   4,   035 
   4,   040 
   4,   045 
   4,   050 
   4,   055 
   4,   060 
   4,   065 
   4,   070 
   4,   075 
   4,   080 
   4,   085 
   4,   090 
   4,   095 
   4,   100 
   4,   105 
   4,   110 
   4,   115 
   4,   120 
   4,   125 
   4,   130 
   4,   135 
   4,   140 
   4,   145 
   5,   000 
   5,   005 
   5,   010 
   5,   015 
   5,   020 
   5,   025 
   5,   030 
   5,   035 
   5,   040 
   5,   045 
   5,   050 
   5,   055 
   5,   060 
   5,   065 
   5,   070 
   5,   075 
   5,   080 
   5,   085 
   5,   090 
   5,   095 
   5,   100 
   5,   105 
   5,   110 
   5,   115 
   5,   120 
   5,   125 
   5,   130 
   5,   135 
   5,   140 
   5,   145 
   6,   000 
   6,   005 
   6,   010 
   6,   015 
   6,   020 
   6,   025 
   6,   030 
   6,   035 
   6,   040 
   6,   045 
   6,   050 
   6,   055 
   6,   060 
   6,   065 
   6,   070 
   6,   075 
   6,   080 
   6,   085 
   6,   090 
   6,   095 
   6,   100 
   6,   105 
   6,   110 
   6,   115 
   6,   120 
   6,   125 
   6,   130 
   6,   135 
   6,   140 
   6,   145 
   7,   000 
   7,   005 
   7,   010 
   7,   015 
   7,   020 
   7,   025 
   7,   030 
   7,   035 
   7,   040 
   7,   045 
   7,   050 
   7,   055 
   7,   060 
   7,   065 
   7,   070 
   7,   075 
   7,   080 
   7,   085 
   7,   090 
   7,   095 
   7,   100 
   7,   105 
   7,   110 
   7,   115 
   7,   120 
   7,   125 
   7,   130 
   7,   135 
   7,   140 
   7,   145 
   9,   000 
   9,   005 
   9,   010 
   9,   015 
   9,   020 
   9,   025 
   9,   030 
   9,   035 
   9,   040 
   9,   045 
   9,   050 
   9,   055 
   9,   060 
   9,   065 
   9,   070 
   9,   075 
   9,   080 
   9,   085 
   9,   090 
   9,   095 
   9,   100 
   9,   105 
   9,   110 
   9,   115 
   9,   120 
   9,   125 
   9,   130 
   9,   135 
   9,   140 
   9,   145 
  10,   000 
  10,   005 
  10,   010 
  10,   015 
  10,   020 
  10,   025 
  10,   030 
  10,   035 
  10,   040 
  10,   045 
  10,   050 
  10,   055 
  10,   060 
  10,   065 
  10,   070 
  10,   075 
  10,   080 
  10,   085 
  10,   090 
  10,   095 
  10,   100 
  10,   105 
  10,   110 
  10,   115 
  10,   120 
  10,   125 
  10,   130 
  10,   135 
  10,   140 
  10,   145 
  11,   000 
  11,   005 
  11,   010 
  11,   015 
  11,   020 
  11,   025 
  11,   030 
  11,   035 
  11,   040 
  11,   045 
  11,   050 
  11,   055 
  11,   060 
  11,   065 
  11,   070 
  11,   075 
  11,   080 
  11,   085 
  11,   090 
  11,   095 
  11,   100 
  11,   105 
  11,   110 
  11,   115 
  11,   120 
  11,   125 
  11,   130 
  11,   135 
  11,   140 
  11,   145 
  12,   000 
  12,   005 
  12,   010 
  12,   015 
  12,   020 
  12,   025 
  12,   030 
  12,   035 
  12,   040 
  12,   045 
  12,   050 
  12,   055 
  12,   060 
  12,   065 
  12,   070 
  12,   075 
  12,   080 
  12,   085 
  12,   090 
  12,   095 
  12,   100 
  12,   105 
  12,   110 
  12,   115 
  12,   120 
  12,   125 
  12,   130 
  12,   135 
  12,   140 
  12,   145 
  13,   000 
  13,   005 
  13,   010 
  13,   015 
  13,   020 
  13,   025 
  13,   030 
  13,   035 
  13,   040 
  13,   045 
  13,   050 
  13,   055 
  13,   060 
  13,   065 
  13,   070 
  13,   075 
  13,   080 
  13,   085 
  13,   090 
  13,   095 
  13,   100 
  13,   105 
  13,   110 
  13,   115 
  13,   120 
  13,   125 
  13,   130 
  13,   135 
  13,   140 
  13,   145 
  14,   000 
  14,   005 
  14,   010 
  14,   015 
  14,   020 
  14,   025 
  14,   030 
  14,   035 
  14,   040 
  14,   045 
  14,   050 
  14,   055 
  14,   060 
  14,   065 
  14,   070 
  14,   075 
  14,   080 
  14,   085 
  14,   090 
  14,   095 
  14,   100 
  14,   105 
  14,   110 
  14,   115 
  14,   120 
  14,   125 
  14,   130 
  14,   135 
  14,   140 
  14,   145 
  15,   000 
  15,   005 
  15,   010 
  15,   015 
  15,   020 
  15,   025 
  15,   030 
  15,   035 
  15,   040 
  15,   045 
  15,   050 
  15,   055 
  15,   060 
  15,   065 
  15,   070 
  15,   075 
  15,   080 
  15,   085 
  15,   090 
  15,   095 
  15,   100 
  15,   105 
  15,   110 
  15,   115 
  15,   120 
  15,   125 
  15,   130 
  15,   135 
  15,   140 
  15,   145 
  16,   000 
  16,   005 
  16,   010 
  16,   015 
  16,   020 
  16,   025 
  16,   030 
  16,   035 
  16,   040 
  16,   045 
  16,   050 
  16,   055 
  16,   060 
  16,   065 
  16,   070 
  16,   075 
  16,   080 
  16,   085 
  16,   090 
  16,   095 
  16,   100 
  16,   105 
  16,   110 
  16,   115 
  16,   120 
  16,   125 
  16,   130 
  16,   135 
  16,   140 
  16,   145 
