Seq# Frame#
   1,   001 
   1,   003 
   1,   004 
   1,   005 
   1,   006 
   1,   007 
   1,   008 
   1,   009 
   1,   011 
   1,   014 
   1,   015 
   1,   017 
   1,   019 
   1,   022 
   1,   024 
   1,   025 
   1,   026 
   1,   029 
   1,   030 
   1,   031 
   1,   032 
   1,   035 
   1,   036 
   1,   037 
   1,   038 
   1,   039 
   1,   040 
   1,   042 
   1,   044 
   1,   046 
   1,   047 
   1,   048 
   1,   049 
   1,   051 
   1,   053 
   1,   055 
   1,   056 
   1,   057 
   1,   058 
   1,   059 
   1,   060 
   1,   061 
   1,   063 
   1,   064 
   1,   065 
   1,   067 
   1,   068 
   1,   071 
   1,   072 
   1,   073 
   1,   074 
   1,   076 
   1,   077 
   1,   078 
   1,   079 
   1,   080 
   1,   081 
   1,   082 
   1,   083 
   1,   085 
   1,   087 
   1,   090 
   1,   091 
   1,   095 
   1,   096 
   1,   097 
   1,   099 
   1,   100 
   1,   101 
   1,   102 
   1,   103 
   1,   104 
   1,   106 
   1,   107 
   1,   109 
   1,   110 
   1,   111 
   1,   114 
   1,   116 
   1,   117 
   1,   118 
   1,   119 
   1,   120 
   1,   121 
   1,   122 
   1,   123 
   1,   125 
   1,   126 
   1,   128 
   1,   129 
   1,   131 
   1,   133 
   1,   134 
   1,   135 
   1,   136 
   1,   137 
   1,   138 
   1,   139 
   1,   140 
   1,   142 
   1,   145 
   1,   146 
   1,   147 
   1,   148 
   2,   000 
   2,   001 
   2,   002 
   2,   003 
   2,   004 
   2,   006 
   2,   007 
   2,   008 
   2,   010 
   2,   012 
   2,   013 
   2,   016 
   2,   018 
   2,   019 
   2,   020 
   2,   023 
   2,   024 
   2,   025 
   2,   026 
   2,   027 
   2,   029 
   2,   030 
   2,   031 
   2,   033 
   2,   034 
   2,   036 
   2,   038 
   2,   039 
   2,   040 
   2,   041 
   2,   044 
   2,   045 
   2,   047 
   2,   049 
   2,   052 
   2,   053 
   2,   055 
   2,   056 
   2,   057 
   2,   058 
   2,   059 
   2,   061 
   2,   063 
   2,   067 
   2,   068 
   2,   070 
   2,   072 
   2,   073 
   2,   074 
   2,   075 
   2,   076 
   2,   078 
   2,   079 
   2,   080 
   2,   081 
   2,   082 
   2,   084 
   2,   087 
   2,   088 
   2,   089 
   2,   090 
   2,   091 
   2,   092 
   2,   094 
   2,   095 
   2,   096 
   2,   099 
   2,   101 
   2,   103 
   2,   105 
   2,   106 
   2,   108 
   2,   109 
   2,   110 
   2,   111 
   2,   112 
   2,   115 
   2,   116 
   2,   117 
   2,   119 
   2,   120 
   2,   121 
   2,   124 
   2,   125 
   2,   128 
   2,   131 
   2,   132 
   2,   133 
   2,   134 
   2,   135 
   2,   136 
   2,   139 
   2,   140 
   2,   142 
   2,   143 
   2,   144 
   2,   145 
   2,   148 
   3,   000 
   3,   001 
   3,   003 
   3,   005 
   3,   006 
   3,   007 
   3,   009 
   3,   010 
   3,   014 
   3,   015 
   3,   016 
   3,   018 
   3,   019 
   3,   021 
   3,   023 
   3,   024 
   3,   025 
   3,   027 
   3,   028 
   3,   029 
   3,   030 
   3,   031 
   3,   032 
   3,   034 
   3,   035 
   3,   038 
   3,   042 
   3,   043 
   3,   045 
   3,   046 
   3,   047 
   3,   048 
   3,   050 
   3,   051 
   3,   053 
   3,   055 
   3,   056 
   3,   057 
   3,   058 
   3,   059 
   3,   061 
   3,   062 
   3,   063 
   3,   064 
   3,   065 
   3,   068 
   3,   069 
   3,   070 
   3,   071 
   3,   072 
   3,   073 
   3,   074 
   3,   076 
   3,   080 
   3,   081 
   3,   082 
   3,   083 
   3,   084 
   3,   085 
   3,   086 
   3,   087 
   3,   090 
   3,   091 
   3,   093 
   3,   094 
   3,   095 
   3,   096 
   3,   098 
   3,   099 
   3,   100 
   3,   101 
   3,   104 
   3,   105 
   3,   106 
   3,   107 
   3,   110 
   3,   111 
   3,   113 
   3,   114 
   3,   116 
   3,   119 
   3,   122 
   3,   125 
   3,   126 
   3,   127 
   3,   128 
   3,   129 
   3,   130 
   3,   131 
   3,   132 
   3,   135 
   3,   136 
   3,   138 
   3,   140 
   3,   141 
   3,   142 
   3,   143 
   3,   145 
   3,   146 
   3,   147 
   4,   000 
   4,   003 
   4,   004 
   4,   005 
   4,   006 
   4,   008 
   4,   009 
   4,   011 
   4,   017 
   4,   019 
   4,   020 
   4,   021 
   4,   022 
   4,   024 
   4,   027 
   4,   028 
   4,   029 
   4,   030 
   4,   031 
   4,   032 
   4,   033 
   4,   034 
   4,   035 
   4,   039 
   4,   041 
   4,   045 
   4,   046 
   4,   047 
   4,   048 
   4,   049 
   4,   050 
   4,   051 
   4,   053 
   4,   055 
   4,   056 
   4,   057 
   4,   058 
   4,   059 
   4,   060 
   4,   062 
   4,   063 
   4,   064 
   4,   065 
   4,   067 
   4,   068 
   4,   071 
   4,   073 
   4,   075 
   4,   078 
   4,   079 
   4,   080 
   4,   081 
   4,   082 
   4,   083 
   4,   086 
   4,   087 
   4,   088 
   4,   090 
   4,   092 
   4,   094 
   4,   095 
   4,   096 
   4,   097 
   4,   098 
   4,   099 
   4,   100 
   4,   101 
   4,   102 
   4,   105 
   4,   106 
   4,   107 
   4,   111 
   4,   112 
   4,   113 
   4,   115 
   4,   116 
   4,   118 
   4,   119 
   4,   121 
   4,   126 
   4,   128 
   4,   129 
   4,   130 
   4,   137 
   4,   139 
   4,   140 
   4,   141 
   4,   142 
   4,   143 
   4,   144 
   4,   145 
   4,   146 
   5,   005 
   5,   006 
   5,   009 
   5,   010 
   5,   012 
   5,   015 
   5,   016 
   5,   017 
   5,   018 
   5,   019 
   5,   020 
   5,   022 
   5,   023 
   5,   024 
   5,   025 
   5,   026 
   5,   031 
   5,   032 
   5,   038 
   5,   039 
   5,   041 
   5,   043 
   5,   044 
   5,   045 
   5,   046 
   5,   049 
   5,   050 
   5,   051 
   5,   053 
   5,   054 
   5,   055 
   5,   056 
   5,   058 
   5,   059 
   5,   061 
   5,   062 
   5,   063 
   5,   065 
   5,   068 
   5,   071 
   5,   073 
   5,   075 
   5,   076 
   5,   077 
   5,   078 
   5,   080 
   5,   082 
   5,   083 
   5,   084 
   5,   085 
   5,   086 
   5,   088 
   5,   089 
   5,   090 
   5,   091 
   5,   094 
   5,   095 
   5,   096 
   5,   097 
   5,   099 
   5,   100 
   5,   103 
   5,   104 
   5,   105 
   5,   106 
   5,   107 
   5,   108 
   5,   109 
   5,   110 
   5,   111 
   5,   112 
   5,   113 
   5,   114 
   5,   115 
   5,   116 
   5,   117 
   5,   120 
   5,   122 
   5,   123 
   5,   124 
   5,   128 
   5,   129 
   5,   130 
   5,   131 
   5,   132 
   5,   133 
   5,   134 
   5,   135 
   5,   139 
   5,   140 
   5,   143 
   5,   144 
   5,   145 
   5,   146 
   5,   147 
   5,   148 
   6,   000 
   6,   005 
   6,   006 
   6,   008 
   6,   009 
   6,   010 
   6,   011 
   6,   012 
   6,   015 
   6,   016 
   6,   017 
   6,   018 
   6,   021 
   6,   025 
   6,   026 
   6,   027 
   6,   028 
   6,   029 
   6,   030 
   6,   031 
   6,   032 
   6,   034 
   6,   035 
   6,   037 
   6,   039 
   6,   041 
   6,   042 
   6,   044 
   6,   045 
   6,   046 
   6,   047 
   6,   051 
   6,   052 
   6,   057 
   6,   058 
   6,   060 
   6,   061 
   6,   063 
   6,   064 
   6,   065 
   6,   066 
   6,   068 
   6,   069 
   6,   071 
   6,   072 
   6,   075 
   6,   076 
   6,   077 
   6,   079 
   6,   080 
   6,   082 
   6,   083 
   6,   084 
   6,   086 
   6,   087 
   6,   089 
   6,   090 
   6,   091 
   6,   092 
   6,   093 
   6,   094 
   6,   095 
   6,   096 
   6,   097 
   6,   098 
   6,   099 
   6,   101 
   6,   103 
   6,   106 
   6,   107 
   6,   108 
   6,   111 
   6,   112 
   6,   113 
   6,   115 
   6,   117 
   6,   118 
   6,   121 
   6,   122 
   6,   123 
   6,   124 
   6,   125 
   6,   126 
   6,   128 
   6,   129 
   6,   132 
   6,   135 
   6,   136 
   6,   138 
   6,   139 
   6,   141 
   6,   142 
   6,   147 
   6,   148 
   7,   000 
   7,   004 
   7,   007 
   7,   009 
   7,   011 
   7,   012 
   7,   013 
   7,   014 
   7,   016 
   7,   017 
   7,   021 
   7,   022 
   7,   023 
   7,   024 
   7,   025 
   7,   027 
   7,   029 
   7,   030 
   7,   034 
   7,   035 
   7,   036 
   7,   038 
   7,   039 
   7,   040 
   7,   043 
   7,   044 
   7,   046 
   7,   048 
   7,   050 
   7,   051 
   7,   052 
   7,   060 
   7,   061 
   7,   063 
   7,   064 
   7,   065 
   7,   070 
   7,   071 
   7,   072 
   7,   073 
   7,   074 
   7,   075 
   7,   076 
   7,   077 
   7,   078 
   7,   080 
   7,   083 
   7,   085 
   7,   086 
   7,   088 
   7,   089 
   7,   092 
   7,   094 
   7,   095 
   7,   097 
   7,   098 
   7,   099 
   7,   100 
   7,   101 
   7,   102 
   7,   103 
   7,   104 
   7,   105 
   7,   106 
   7,   107 
   7,   109 
   7,   112 
   7,   113 
   7,   114 
   7,   115 
   7,   116 
   7,   117 
   7,   118 
   7,   119 
   7,   121 
   7,   125 
   7,   126 
   7,   128 
   7,   129 
   7,   130 
   7,   135 
   7,   136 
   7,   137 
   7,   139 
   7,   140 
   7,   144 
   7,   145 
   7,   147 
   7,   148 
   9,   004 
   9,   006 
   9,   009 
   9,   010 
   9,   013 
   9,   014 
   9,   015 
   9,   018 
   9,   019 
   9,   020 
   9,   021 
   9,   022 
   9,   023 
   9,   024 
   9,   027 
   9,   028 
   9,   030 
   9,   031 
   9,   032 
   9,   033 
   9,   035 
   9,   036 
   9,   037 
   9,   038 
   9,   041 
   9,   042 
   9,   043 
   9,   045 
   9,   047 
   9,   048 
   9,   050 
   9,   052 
   9,   054 
   9,   055 
   9,   056 
   9,   058 
   9,   059 
   9,   060 
   9,   061 
   9,   063 
   9,   064 
   9,   065 
   9,   066 
   9,   067 
   9,   071 
   9,   072 
   9,   074 
   9,   075 
   9,   077 
   9,   079 
   9,   080 
   9,   081 
   9,   083 
   9,   087 
   9,   088 
   9,   089 
   9,   090 
   9,   091 
   9,   094 
   9,   096 
   9,   097 
   9,   098 
   9,   099 
   9,   100 
   9,   101 
   9,   102 
   9,   103 
   9,   104 
   9,   106 
   9,   107 
   9,   108 
   9,   109 
   9,   111 
   9,   112 
   9,   113 
   9,   114 
   9,   115 
   9,   116 
   9,   117 
   9,   118 
   9,   119 
   9,   121 
   9,   123 
   9,   126 
   9,   128 
   9,   131 
   9,   133 
   9,   134 
   9,   137 
   9,   138 
   9,   141 
   9,   142 
   9,   143 
   9,   144 
   9,   145 
   9,   146 
  10,   000 
  10,   001 
  10,   002 
  10,   003 
  10,   005 
  10,   007 
  10,   008 
  10,   009 
  10,   010 
  10,   011 
  10,   012 
  10,   013 
  10,   015 
  10,   018 
  10,   019 
  10,   020 
  10,   024 
  10,   025 
  10,   026 
  10,   028 
  10,   029 
  10,   030 
  10,   032 
  10,   035 
  10,   039 
  10,   041 
  10,   042 
  10,   044 
  10,   045 
  10,   047 
  10,   048 
  10,   050 
  10,   052 
  10,   053 
  10,   057 
  10,   058 
  10,   060 
  10,   066 
  10,   067 
  10,   068 
  10,   069 
  10,   070 
  10,   071 
  10,   072 
  10,   076 
  10,   078 
  10,   079 
  10,   080 
  10,   082 
  10,   083 
  10,   085 
  10,   088 
  10,   090 
  10,   091 
  10,   093 
  10,   094 
  10,   095 
  10,   096 
  10,   097 
  10,   098 
  10,   099 
  10,   100 
  10,   101 
  10,   103 
  10,   104 
  10,   105 
  10,   106 
  10,   107 
  10,   109 
  10,   110 
  10,   111 
  10,   113 
  10,   115 
  10,   116 
  10,   117 
  10,   118 
  10,   121 
  10,   122 
  10,   123 
  10,   124 
  10,   126 
  10,   127 
  10,   128 
  10,   130 
  10,   132 
  10,   133 
  10,   134 
  10,   135 
  10,   138 
  10,   140 
  10,   143 
  10,   144 
  10,   145 
  10,   146 
  10,   147 
  10,   148 
  11,   001 
  11,   003 
  11,   004 
  11,   008 
  11,   009 
  11,   010 
  11,   011 
  11,   012 
  11,   013 
  11,   014 
  11,   015 
  11,   016 
  11,   020 
  11,   021 
  11,   022 
  11,   023 
  11,   024 
  11,   025 
  11,   027 
  11,   028 
  11,   029 
  11,   030 
  11,   031 
  11,   032 
  11,   033 
  11,   036 
  11,   037 
  11,   038 
  11,   039 
  11,   041 
  11,   042 
  11,   045 
  11,   048 
  11,   049 
  11,   052 
  11,   053 
  11,   054 
  11,   056 
  11,   058 
  11,   060 
  11,   061 
  11,   063 
  11,   064 
  11,   065 
  11,   067 
  11,   068 
  11,   072 
  11,   073 
  11,   074 
  11,   075 
  11,   077 
  11,   079 
  11,   080 
  11,   081 
  11,   082 
  11,   084 
  11,   085 
  11,   086 
  11,   089 
  11,   091 
  11,   092 
  11,   093 
  11,   094 
  11,   095 
  11,   096 
  11,   098 
  11,   100 
  11,   101 
  11,   102 
  11,   104 
  11,   105 
  11,   106 
  11,   107 
  11,   108 
  11,   110 
  11,   111 
  11,   114 
  11,   117 
  11,   118 
  11,   119 
  11,   120 
  11,   121 
  11,   123 
  11,   124 
  11,   126 
  11,   127 
  11,   129 
  11,   130 
  11,   133 
  11,   137 
  11,   138 
  11,   139 
  11,   140 
  11,   141 
  11,   142 
  11,   145 
  11,   146 
  11,   147 
  11,   148 
  12,   000 
  12,   001 
  12,   004 
  12,   006 
  12,   008 
  12,   012 
  12,   013 
  12,   015 
  12,   018 
  12,   019 
  12,   024 
  12,   026 
  12,   027 
  12,   028 
  12,   029 
  12,   035 
  12,   037 
  12,   038 
  12,   040 
  12,   041 
  12,   042 
  12,   043 
  12,   044 
  12,   046 
  12,   047 
  12,   048 
  12,   050 
  12,   052 
  12,   054 
  12,   055 
  12,   057 
  12,   060 
  12,   062 
  12,   063 
  12,   064 
  12,   065 
  12,   067 
  12,   068 
  12,   070 
  12,   073 
  12,   074 
  12,   075 
  12,   076 
  12,   078 
  12,   080 
  12,   081 
  12,   082 
  12,   083 
  12,   084 
  12,   086 
  12,   087 
  12,   088 
  12,   091 
  12,   092 
  12,   094 
  12,   096 
  12,   099 
  12,   101 
  12,   102 
  12,   103 
  12,   104 
  12,   106 
  12,   109 
  12,   110 
  12,   114 
  12,   115 
  12,   116 
  12,   118 
  12,   119 
  12,   120 
  12,   123 
  12,   124 
  12,   126 
  12,   127 
  12,   132 
  12,   133 
  12,   135 
  12,   137 
  12,   138 
  12,   139 
  12,   140 
  12,   142 
  12,   143 
  12,   144 
  12,   146 
  12,   147 
  13,   000 
  13,   001 
  13,   003 
  13,   004 
  13,   006 
  13,   008 
  13,   011 
  13,   012 
  13,   013 
  13,   014 
  13,   015 
  13,   016 
  13,   017 
  13,   019 
  13,   022 
  13,   024 
  13,   025 
  13,   026 
  13,   027 
  13,   028 
  13,   030 
  13,   031 
  13,   034 
  13,   035 
  13,   036 
  13,   038 
  13,   039 
  13,   044 
  13,   046 
  13,   047 
  13,   048 
  13,   049 
  13,   050 
  13,   051 
  13,   052 
  13,   053 
  13,   055 
  13,   056 
  13,   058 
  13,   059 
  13,   060 
  13,   062 
  13,   065 
  13,   070 
  13,   071 
  13,   072 
  13,   073 
  13,   074 
  13,   075 
  13,   077 
  13,   078 
  13,   079 
  13,   081 
  13,   082 
  13,   083 
  13,   084 
  13,   085 
  13,   086 
  13,   087 
  13,   089 
  13,   090 
  13,   091 
  13,   092 
  13,   093 
  13,   094 
  13,   095 
  13,   096 
  13,   097 
  13,   098 
  13,   103 
  13,   104 
  13,   107 
  13,   110 
  13,   111 
  13,   112 
  13,   113 
  13,   114 
  13,   115 
  13,   116 
  13,   117 
  13,   119 
  13,   120 
  13,   123 
  13,   125 
  13,   129 
  13,   130 
  13,   131 
  13,   132 
  13,   134 
  13,   136 
  13,   137 
  13,   138 
  13,   139 
  13,   141 
  13,   142 
  13,   143 
  13,   144 
  13,   145 
  13,   148 
  14,   000 
  14,   002 
  14,   003 
  14,   004 
  14,   005 
  14,   008 
  14,   009 
  14,   011 
  14,   013 
  14,   014 
  14,   015 
  14,   016 
  14,   018 
  14,   019 
  14,   023 
  14,   024 
  14,   027 
  14,   028 
  14,   029 
  14,   031 
  14,   032 
  14,   036 
  14,   037 
  14,   038 
  14,   039 
  14,   040 
  14,   041 
  14,   042 
  14,   046 
  14,   048 
  14,   049 
  14,   050 
  14,   051 
  14,   052 
  14,   053 
  14,   055 
  14,   056 
  14,   060 
  14,   061 
  14,   063 
  14,   064 
  14,   065 
  14,   066 
  14,   070 
  14,   072 
  14,   073 
  14,   075 
  14,   076 
  14,   077 
  14,   078 
  14,   079 
  14,   083 
  14,   084 
  14,   086 
  14,   087 
  14,   088 
  14,   091 
  14,   093 
  14,   094 
  14,   096 
  14,   100 
  14,   101 
  14,   102 
  14,   108 
  14,   111 
  14,   113 
  14,   114 
  14,   116 
  14,   118 
  14,   119 
  14,   121 
  14,   122 
  14,   123 
  14,   125 
  14,   128 
  14,   130 
  14,   131 
  14,   132 
  14,   133 
  14,   135 
  14,   136 
  14,   137 
  14,   141 
  14,   143 
  14,   144 
  14,   145 
  14,   146 
  14,   148 
  15,   000 
  15,   003 
  15,   004 
  15,   005 
  15,   007 
  15,   008 
  15,   009 
  15,   010 
  15,   011 
  15,   012 
  15,   015 
  15,   016 
  15,   018 
  15,   020 
  15,   025 
  15,   026 
  15,   027 
  15,   028 
  15,   029 
  15,   030 
  15,   031 
  15,   032 
  15,   033 
  15,   034 
  15,   035 
  15,   036 
  15,   037 
  15,   039 
  15,   040 
  15,   042 
  15,   044 
  15,   045 
  15,   046 
  15,   047 
  15,   049 
  15,   050 
  15,   054 
  15,   056 
  15,   057 
  15,   058 
  15,   059 
  15,   060 
  15,   063 
  15,   065 
  15,   066 
  15,   069 
  15,   071 
  15,   073 
  15,   074 
  15,   075 
  15,   076 
  15,   078 
  15,   079 
  15,   081 
  15,   082 
  15,   083 
  15,   084 
  15,   088 
  15,   089 
  15,   090 
  15,   091 
  15,   094 
  15,   096 
  15,   097 
  15,   098 
  15,   099 
  15,   100 
  15,   102 
  15,   103 
  15,   104 
  15,   105 
  15,   106 
  15,   110 
  15,   111 
  15,   112 
  15,   113 
  15,   115 
  15,   116 
  15,   117 
  15,   118 
  15,   120 
  15,   122 
  15,   123 
  15,   125 
  15,   126 
  15,   128 
  15,   130 
  15,   131 
  15,   132 
  15,   133 
  15,   135 
  15,   136 
  15,   137 
  15,   140 
  15,   141 
  15,   142 
  15,   143 
  15,   145 
  15,   147 
  15,   148 
  16,   001 
  16,   002 
  16,   003 
  16,   007 
  16,   011 
  16,   012 
  16,   014 
  16,   015 
  16,   016 
  16,   017 
  16,   018 
  16,   022 
  16,   024 
  16,   027 
  16,   028 
  16,   029 
  16,   030 
  16,   031 
  16,   032 
  16,   033 
  16,   034 
  16,   037 
  16,   038 
  16,   039 
  16,   041 
  16,   042 
  16,   046 
  16,   047 
  16,   048 
  16,   049 
  16,   050 
  16,   052 
  16,   054 
  16,   056 
  16,   057 
  16,   058 
  16,   061 
  16,   064 
  16,   065 
  16,   067 
  16,   068 
  16,   070 
  16,   071 
  16,   073 
  16,   074 
  16,   076 
  16,   077 
  16,   078 
  16,   079 
  16,   080 
  16,   082 
  16,   083 
  16,   084 
  16,   085 
  16,   088 
  16,   089 
  16,   090 
  16,   093 
  16,   096 
  16,   097 
  16,   099 
  16,   100 
  16,   102 
  16,   105 
  16,   107 
  16,   109 
  16,   110 
  16,   111 
  16,   112 
  16,   113 
  16,   114 
  16,   116 
  16,   117 
  16,   118 
  16,   119 
  16,   121 
  16,   123 
  16,   124 
  16,   129 
  16,   131 
  16,   132 
  16,   133 
  16,   134 
  16,   135 
  16,   136 
  16,   137 
  16,   138 
  16,   139 
  16,   141 
  16,   142 
  16,   143 
  16,   145 
  16,   146 
  16,   147 
  16,   147 